.Random.seed <-
c(10403L, 10L, -792738440L, -1644956069L, 1745125817L, 1948517384L, 
1689255606L, -1349489167L, 2031723555L, -839418766L, 630824644L, 
-474007417L, -1856938915L, -1594244524L, 371366010L, -1321534523L, 
-1764078305L, 1701633190L, -404943312L, -17943341L, -140576015L, 
752904736L, -1576006466L, -1330915127L, -257389957L, -593248182L, 
-1692888916L, -1695414353L, -804523163L, 1427859740L, -644001422L, 
1040757229L, 1408570919L, 243308110L, -1521976664L, -780592981L, 
-410312247L, 555511256L, 180632710L, -14294687L, -963582733L, 
-1086395550L, -1574804012L, 798552279L, 1831854797L, -1408679324L, 
-162703286L, 855207349L, 1633923343L, 1855327766L, -2129852224L, 
1125318275L, -2093860191L, 1256664208L, -662411410L, -1284677351L, 
868835755L, -215507046L, 42037084L, -379036065L, 932220469L, 
1648487884L, -539120350L, 1078679421L, -311989129L, -1931988578L, 
294570072L, -345016901L, 1485011801L, 100804840L, 356182294L, 
-2120123759L, -799901885L, -988003758L, -577010460L, -1117982937L, 
-1956295811L, 734391924L, -1310707622L, 375629989L, 49527487L, 
789774662L, -533612592L, 2113331699L, 762858769L, 1811851584L, 
-641615586L, -754205207L, 1431744283L, -1083688662L, -1193651636L, 
1886760463L, -921976507L, -222221572L, -454459054L, 596354765L, 
1922555527L, 1761306990L, 382788424L, -69036213L, -1966793047L, 
-1877605384L, -894969050L, -385856447L, -2054668845L, 795422594L, 
1843618740L, -1369154761L, 388545069L, -2106393788L, 538988650L, 
-66573611L, -1951632273L, -2070778506L, -416500064L, -276909213L, 
-2039867391L, 1952113520L, -1841231090L, -696769159L, 367886603L, 
1025327674L, 506173756L, 747910783L, 1976770005L, 438703084L, 
-1585052350L, -1223468387L, 2042361623L, -2008885634L, 187504184L, 
461500699L, -724167047L, -894414136L, 1804002038L, 159165233L, 
929225571L, -1235160782L, -1944219004L, -521470265L, 711951773L, 
-754036460L, 1097957306L, 1659075077L, 669420511L, -1369693594L, 
-1037623824L, -1855345901L, -13323087L, 251463520L, 92423422L, 
-1528216439L, 870966203L, 2080837002L, 1212501100L, 246670831L, 
-822510043L, 924850908L, -1777659726L, 5809069L, 1667749735L, 
1214194830L, -831446680L, -67329685L, 587567881L, 1773258136L, 
504837318L, -2091676127L, 702983859L, -366980062L, 828608020L, 
-330497385L, 1242913933L, -911847004L, -382502006L, 1722914805L, 
-977463729L, -2097925802L, 1678842880L, 1514575171L, 294508769L, 
-1173032368L, -1023308114L, -2034017703L, -2016648597L, -1164802086L, 
473639068L, -231478625L, 590563573L, -1603677812L, 2008505442L, 
648817725L, -2006786377L, 1881505118L, 510321816L, -218935301L, 
-482126439L, 626566696L, -81584426L, 237566801L, -260907517L, 
-1300037230L, 596336420L, -2062347801L, -1610006979L, -1911101260L, 
-1594425574L, -70618011L, -1735099137L, 314797446L, -1512611056L, 
-899827789L, 1181162577L, -333529088L, -2077953826L, -312816855L, 
-226871589L, 1123345898L, 414838156L, 2036220623L, 2053947013L, 
-880288452L, 1610096658L, 1230802701L, 1007299655L, -1872814546L, 
-231381112L, -635407733L, -1482390423L, -1795282612L, 688361248L, 
1531695746L, -1646915096L, 2096493548L, 381460028L, 1855816306L, 
636094320L, 1345478948L, 204328504L, -1003709030L, 597898704L, 
1593627068L, 1169451668L, -210643326L, -1064568384L, -1410080964L, 
348227216L, -999984350L, -978792952L, -1689725172L, 1654824860L, 
-788051950L, 749499264L, -473719020L, 1964333352L, -1952503750L, 
-1935300656L, -1929371028L, -1827949516L, 694344850L, -1140480672L, 
-155250356L, 823022048L, -483342430L, -2088685656L, 231865484L, 
555228092L, -2099249038L, 146068464L, -2048724924L, -990882728L, 
560412730L, 292360304L, -1546900932L, -702579948L, 1013812930L, 
-890421536L, -1843121028L, -154312496L, -2029268062L, -271048152L, 
-751674100L, 1981836220L, 453012786L, 18150592L, 102465076L, 
1674237640L, 736349882L, -664164208L, -1669174548L, -1041919404L, 
-1977149806L, 2048232224L, 1564412876L, 1186718944L, 1006398146L, 
-313892824L, 394601388L, 590545596L, -263467534L, 567447088L, 
-1801549916L, 1496942008L, -1809266854L, -1080858480L, -2104638596L, 
-1193166060L, 625754434L, -1499589888L, -957401156L, -908065968L, 
1351396642L, -564459960L, -1462351860L, 846788700L, 1769128402L, 
1475699200L, -2061190828L, -346594072L, -679805702L, 895074000L, 
-727124692L, -783173388L, 1273601426L, -2023026336L, 1435242508L, 
2145871584L, -73282974L, 1212745384L, -1213991348L, 806896508L, 
-1568500430L, -2137246096L, 1040591684L, 1800631256L, 654274426L, 
1853360688L, 1911528380L, 2039906900L, -1872714686L, 609951904L, 
-1340724548L, 428764624L, -208504990L, -374445336L, -731319092L, 
504380924L, 1856006642L, -1088108928L, 1683883508L, -1871695224L, 
571068218L, -892424368L, -186090388L, 282572180L, 1944507474L, 
1005509088L, 164228300L, -276424544L, -487638654L, 1351534824L, 
1443367660L, -450415300L, 749565042L, 791432304L, -1261374428L, 
1756561464L, 1734095642L, 1664345296L, 883131196L, -1230581868L, 
849753986L, 1032854976L, -401698244L, 654350736L, -1742462430L, 
-1586184952L, 941236876L, 189671196L, 2016974994L, -1339684480L, 
221211156L, -1210600664L, -1442480582L, -2017197616L, -719731348L, 
-1717593164L, 462343186L, -1781302816L, -2109408308L, 2133489888L, 
2093854754L, -1333711576L, 1008520716L, 1078274876L, 789734386L, 
2124238576L, 1867174468L, 1750814296L, 1790473018L, 897343984L, 
-1819214148L, -128824044L, -1281698110L, 2027280480L, 1065764732L, 
-1608799280L, 1669631266L, 1133237928L, -485577844L, 1240374460L, 
-554219726L, 2030131776L, 1014210740L, 2048674376L, 722701754L, 
1223909904L, 1760417516L, -2135116460L, -1572014830L, -1543988832L, 
139556556L, 227380832L, -492897342L, -756405464L, -452691028L, 
-1676853444L, -948642446L, 182832944L, 1139701028L, 574554936L, 
-1583776038L, 1135143824L, -1315202308L, 1248822164L, -31875006L, 
-79200000L, -1195860932L, 310744400L, 1539944610L, 1703781704L, 
-937506036L, 254798556L, -412298926L, -279050112L, 1522871380L, 
-171850776L, 1408867578L, 1394835280L, 2039068460L, -189366924L, 
892501906L, 1533434976L, -1076410996L, 956019552L, -236890654L, 
2128691932L, 1384818442L, -1048696321L, -1655095223L, -294139426L, 
122704268L, -2025124515L, 1321397607L, -2071507312L, 1299271854L, 
1961537883L, 2010916157L, -1451362390L, 1378553928L, 347596913L, 
-699963933L, 1930600676L, 570698770L, 1293543399L, -212332623L, 
941285878L, 1003506708L, 1094103845L, 990471215L, 1407055336L, 
529965766L, 704531315L, -1950993451L, 1765694386L, -987873920L, 
-526711447L, -2134300197L, 1880789292L, 686232378L, 556920303L, 
-1113745287L, -1090747634L, 1513379548L, 875521357L, 1987573943L, 
1244201536L, -479364322L, -605756949L, 627723629L, 1551471578L, 
-32590440L, -1456555007L, -1161683533L, 1458635988L, -1668279838L, 
1120291959L, -1819504191L, 451218246L, 2125911684L, -947814347L, 
126373919L, -71461000L, 1886875222L, -1694391581L, -1029552987L, 
2046102850L, -2044437712L, 98828121L, 19420363L, -253655748L, 
677138794L, -1413825633L, -42969559L, -405677890L, 2042405292L, 
438181629L, 1652132423L, 775268656L, 1851953742L, 1094703739L, 
-1063147043L, 726122506L, -632078040L, -435708015L, -2076421757L, 
607481476L, -1907520334L, -1884771321L, -1231701935L, 445679574L, 
1529644724L, -1837558075L, 1194502159L, 1130535048L, -887248474L, 
2077430099L, 1949622965L, 50944018L, -1602004512L, -293508023L, 
-99689861L, -328490164L, 2043930330L, 1081006799L, 1429916313L, 
769738414L, 1419416508L, 160484397L, -1481620521L, -248239584L, 
311503742L, -2010073781L, 410335053L, -1697530502L, 687374264L, 
1608140129L, 1756027155L, 1211666740L, 1558997826L, 989621079L, 
-331052383L, 1201802086L, 352855396L, -2087997291L, -917093953L, 
-863685288L, -198767754L, -87545469L, -187872315L, 766398690L, 
165897552L, -2075704199L, 1862178731L, -795681508L, -1359103414L, 
567729727L, 47952521L, -821406050L, -430513332L, -1780899043L, 
1405039271L, 1404844496L, 1699606894L, -420864997L, 2106668413L, 
-1289780374L, -2104027640L, -969233743L, 1316640035L, 808764964L, 
388386002L, 1543736615L, -2109626511L, -549075530L, 939765076L, 
